<!DOCTYPE html PUBLIC "-//W3C//DTD XHTML 1.0 Strict//EN" "http://www.w3.org/TR/xhtml1/DTD/xhtml1-strict.dtd">
<html xmlns="http://www.w3.org/1999/xhtml" xml:lang="en" lang="en">
 <head>
   <meta http-equiv="Content-Type" content="text/html; charset=utf-8" />
   <title>36 x 36</title>
   <style type="text/css">
     img {border: none;}
   </style>
 </head>
 <body>

<link rel="stylesheet" title="Colour" href="/colours.css" type="text/css" />
<table>
<tr>
 <td class="one">   1 </td>  <td class="two">   2 </td>  <td class="three">   3 </td>  <td class="four">   4 </td>  <td class="five">   5 </td>  <td class="six">   6 </td>  <td class="seven">   7 </td>  <td class="eight">   8 </td>  <td class="nine">   9 </td>  <td class="one">  10 </td>  <td class="two">  11 </td>  <td class="three">  12 </td>  <td class="four">  13 </td>  <td class="five">  14 </td>  <td class="six">  15 </td>  <td class="seven">  16 </td>  <td class="eight">  17 </td>  <td class="nine">  18 </td>  <td class="one">  19 </td>  <td class="two">  20 </td>  <td class="three">  21 </td>  <td class="four">  22 </td>  <td class="five">  23 </td>  <td class="six">  24 </td>  <td class="seven">  25 </td>  <td class="eight">  26 </td>  <td class="nine">  27 </td>  <td class="one">  28 </td>  <td class="two">  29 </td>  <td class="three">  30 </td>  <td class="four">  31 </td>  <td class="five">  32 </td>  <td class="six">  33 </td>  <td class="seven">  34 </td>  <td class="eight">  35 </td>  <td class="nine">  36 </td> 
</tr>
<tr>
 <td class="two">   2 </td>  <td class="four">   4 </td>  <td class="six">   6 </td>  <td class="eight">   8 </td>  <td class="one">  10 </td>  <td class="three">  12 </td>  <td class="five">  14 </td>  <td class="seven">  16 </td>  <td class="nine">  18 </td>  <td class="two">  20 </td>  <td class="four">  22 </td>  <td class="six">  24 </td>  <td class="eight">  26 </td>  <td class="one">  28 </td>  <td class="three">  30 </td>  <td class="five">  32 </td>  <td class="seven">  34 </td>  <td class="nine">  36 </td>  <td class="two">  38 </td>  <td class="four">  40 </td>  <td class="six">  42 </td>  <td class="eight">  44 </td>  <td class="one">  46 </td>  <td class="three">  48 </td>  <td class="five">  50 </td>  <td class="seven">  52 </td>  <td class="nine">  54 </td>  <td class="two">  56 </td>  <td class="four">  58 </td>  <td class="six">  60 </td>  <td class="eight">  62 </td>  <td class="one">  64 </td>  <td class="three">  66 </td>  <td class="five">  68 </td>  <td class="seven">  70 </td>  <td class="nine">  72 </td> 
</tr>
<tr>
 <td class="three">   3 </td>  <td class="six">   6 </td>  <td class="nine">   9 </td>  <td class="three">  12 </td>  <td class="six">  15 </td>  <td class="nine">  18 </td>  <td class="three">  21 </td>  <td class="six">  24 </td>  <td class="nine">  27 </td>  <td class="three">  30 </td>  <td class="six">  33 </td>  <td class="nine">  36 </td>  <td class="three">  39 </td>  <td class="six">  42 </td>  <td class="nine">  45 </td>  <td class="three">  48 </td>  <td class="six">  51 </td>  <td class="nine">  54 </td>  <td class="three">  57 </td>  <td class="six">  60 </td>  <td class="nine">  63 </td>  <td class="three">  66 </td>  <td class="six">  69 </td>  <td class="nine">  72 </td>  <td class="three">  75 </td>  <td class="six">  78 </td>  <td class="nine">  81 </td>  <td class="three">  84 </td>  <td class="six">  87 </td>  <td class="nine">  90 </td>  <td class="three">  93 </td>  <td class="six">  96 </td>  <td class="nine">  99 </td>  <td class="three"> 102 </td>  <td class="six"> 105 </td>  <td class="nine"> 108 </td> 
</tr>
<tr>
 <td class="four">   4 </td>  <td class="eight">   8 </td>  <td class="three">  12 </td>  <td class="seven">  16 </td>  <td class="two">  20 </td>  <td class="six">  24 </td>  <td class="one">  28 </td>  <td class="five">  32 </td>  <td class="nine">  36 </td>  <td class="four">  40 </td>  <td class="eight">  44 </td>  <td class="three">  48 </td>  <td class="seven">  52 </td>  <td class="two">  56 </td>  <td class="six">  60 </td>  <td class="one">  64 </td>  <td class="five">  68 </td>  <td class="nine">  72 </td>  <td class="four">  76 </td>  <td class="eight">  80 </td>  <td class="three">  84 </td>  <td class="seven">  88 </td>  <td class="two">  92 </td>  <td class="six">  96 </td>  <td class="one"> 100 </td>  <td class="five"> 104 </td>  <td class="nine"> 108 </td>  <td class="four"> 112 </td>  <td class="eight"> 116 </td>  <td class="three"> 120 </td>  <td class="seven"> 124 </td>  <td class="two"> 128 </td>  <td class="six"> 132 </td>  <td class="one"> 136 </td>  <td class="five"> 140 </td>  <td class="nine"> 144 </td> 
</tr>
<tr>
 <td class="five">   5 </td>  <td class="one">  10 </td>  <td class="six">  15 </td>  <td class="two">  20 </td>  <td class="seven">  25 </td>  <td class="three">  30 </td>  <td class="eight">  35 </td>  <td class="four">  40 </td>  <td class="nine">  45 </td>  <td class="five">  50 </td>  <td class="one">  55 </td>  <td class="six">  60 </td>  <td class="two">  65 </td>  <td class="seven">  70 </td>  <td class="three">  75 </td>  <td class="eight">  80 </td>  <td class="four">  85 </td>  <td class="nine">  90 </td>  <td class="five">  95 </td>  <td class="one"> 100 </td>  <td class="six"> 105 </td>  <td class="two"> 110 </td>  <td class="seven"> 115 </td>  <td class="three"> 120 </td>  <td class="eight"> 125 </td>  <td class="four"> 130 </td>  <td class="nine"> 135 </td>  <td class="five"> 140 </td>  <td class="one"> 145 </td>  <td class="six"> 150 </td>  <td class="two"> 155 </td>  <td class="seven"> 160 </td>  <td class="three"> 165 </td>  <td class="eight"> 170 </td>  <td class="four"> 175 </td>  <td class="nine"> 180 </td> 
</tr>
<tr>
 <td class="six">   6 </td>  <td class="three">  12 </td>  <td class="nine">  18 </td>  <td class="six">  24 </td>  <td class="three">  30 </td>  <td class="nine">  36 </td>  <td class="six">  42 </td>  <td class="three">  48 </td>  <td class="nine">  54 </td>  <td class="six">  60 </td>  <td class="three">  66 </td>  <td class="nine">  72 </td>  <td class="six">  78 </td>  <td class="three">  84 </td>  <td class="nine">  90 </td>  <td class="six">  96 </td>  <td class="three"> 102 </td>  <td class="nine"> 108 </td>  <td class="six"> 114 </td>  <td class="three"> 120 </td>  <td class="nine"> 126 </td>  <td class="six"> 132 </td>  <td class="three"> 138 </td>  <td class="nine"> 144 </td>  <td class="six"> 150 </td>  <td class="three"> 156 </td>  <td class="nine"> 162 </td>  <td class="six"> 168 </td>  <td class="three"> 174 </td>  <td class="nine"> 180 </td>  <td class="six"> 186 </td>  <td class="three"> 192 </td>  <td class="nine"> 198 </td>  <td class="six"> 204 </td>  <td class="three"> 210 </td>  <td class="nine"> 216 </td> 
</tr>
<tr>
 <td class="seven">   7 </td>  <td class="five">  14 </td>  <td class="three">  21 </td>  <td class="one">  28 </td>  <td class="eight">  35 </td>  <td class="six">  42 </td>  <td class="four">  49 </td>  <td class="two">  56 </td>  <td class="nine">  63 </td>  <td class="seven">  70 </td>  <td class="five">  77 </td>  <td class="three">  84 </td>  <td class="one">  91 </td>  <td class="eight">  98 </td>  <td class="six"> 105 </td>  <td class="four"> 112 </td>  <td class="two"> 119 </td>  <td class="nine"> 126 </td>  <td class="seven"> 133 </td>  <td class="five"> 140 </td>  <td class="three"> 147 </td>  <td class="one"> 154 </td>  <td class="eight"> 161 </td>  <td class="six"> 168 </td>  <td class="four"> 175 </td>  <td class="two"> 182 </td>  <td class="nine"> 189 </td>  <td class="seven"> 196 </td>  <td class="five"> 203 </td>  <td class="three"> 210 </td>  <td class="one"> 217 </td>  <td class="eight"> 224 </td>  <td class="six"> 231 </td>  <td class="four"> 238 </td>  <td class="two"> 245 </td>  <td class="nine"> 252 </td> 
</tr>
<tr>
 <td class="eight">   8 </td>  <td class="seven">  16 </td>  <td class="six">  24 </td>  <td class="five">  32 </td>  <td class="four">  40 </td>  <td class="three">  48 </td>  <td class="two">  56 </td>  <td class="one">  64 </td>  <td class="nine">  72 </td>  <td class="eight">  80 </td>  <td class="seven">  88 </td>  <td class="six">  96 </td>  <td class="five"> 104 </td>  <td class="four"> 112 </td>  <td class="three"> 120 </td>  <td class="two"> 128 </td>  <td class="one"> 136 </td>  <td class="nine"> 144 </td>  <td class="eight"> 152 </td>  <td class="seven"> 160 </td>  <td class="six"> 168 </td>  <td class="five"> 176 </td>  <td class="four"> 184 </td>  <td class="three"> 192 </td>  <td class="two"> 200 </td>  <td class="one"> 208 </td>  <td class="nine"> 216 </td>  <td class="eight"> 224 </td>  <td class="seven"> 232 </td>  <td class="six"> 240 </td>  <td class="five"> 248 </td>  <td class="four"> 256 </td>  <td class="three"> 264 </td>  <td class="two"> 272 </td>  <td class="one"> 280 </td>  <td class="nine"> 288 </td> 
</tr>
<tr>
 <td class="nine">   9 </td>  <td class="nine">  18 </td>  <td class="nine">  27 </td>  <td class="nine">  36 </td>  <td class="nine">  45 </td>  <td class="nine">  54 </td>  <td class="nine">  63 </td>  <td class="nine">  72 </td>  <td class="nine">  81 </td>  <td class="nine">  90 </td>  <td class="nine">  99 </td>  <td class="nine"> 108 </td>  <td class="nine"> 117 </td>  <td class="nine"> 126 </td>  <td class="nine"> 135 </td>  <td class="nine"> 144 </td>  <td class="nine"> 153 </td>  <td class="nine"> 162 </td>  <td class="nine"> 171 </td>  <td class="nine"> 180 </td>  <td class="nine"> 189 </td>  <td class="nine"> 198 </td>  <td class="nine"> 207 </td>  <td class="nine"> 216 </td>  <td class="nine"> 225 </td>  <td class="nine"> 234 </td>  <td class="nine"> 243 </td>  <td class="nine"> 252 </td>  <td class="nine"> 261 </td>  <td class="nine"> 270 </td>  <td class="nine"> 279 </td>  <td class="nine"> 288 </td>  <td class="nine"> 297 </td>  <td class="nine"> 306 </td>  <td class="nine"> 315 </td>  <td class="nine"> 324 </td> 
</tr>
<tr>
 <td class="one">  10 </td>  <td class="two">  20 </td>  <td class="three">  30 </td>  <td class="four">  40 </td>  <td class="five">  50 </td>  <td class="six">  60 </td>  <td class="seven">  70 </td>  <td class="eight">  80 </td>  <td class="nine">  90 </td>  <td class="one"> 100 </td>  <td class="two"> 110 </td>  <td class="three"> 120 </td>  <td class="four"> 130 </td>  <td class="five"> 140 </td>  <td class="six"> 150 </td>  <td class="seven"> 160 </td>  <td class="eight"> 170 </td>  <td class="nine"> 180 </td>  <td class="one"> 190 </td>  <td class="two"> 200 </td>  <td class="three"> 210 </td>  <td class="four"> 220 </td>  <td class="five"> 230 </td>  <td class="six"> 240 </td>  <td class="seven"> 250 </td>  <td class="eight"> 260 </td>  <td class="nine"> 270 </td>  <td class="one"> 280 </td>  <td class="two"> 290 </td>  <td class="three"> 300 </td>  <td class="four"> 310 </td>  <td class="five"> 320 </td>  <td class="six"> 330 </td>  <td class="seven"> 340 </td>  <td class="eight"> 350 </td>  <td class="nine"> 360 </td> 
</tr>
<tr>
 <td class="two">  11 </td>  <td class="four">  22 </td>  <td class="six">  33 </td>  <td class="eight">  44 </td>  <td class="one">  55 </td>  <td class="three">  66 </td>  <td class="five">  77 </td>  <td class="seven">  88 </td>  <td class="nine">  99 </td>  <td class="two"> 110 </td>  <td class="four"> 121 </td>  <td class="six"> 132 </td>  <td class="eight"> 143 </td>  <td class="one"> 154 </td>  <td class="three"> 165 </td>  <td class="five"> 176 </td>  <td class="seven"> 187 </td>  <td class="nine"> 198 </td>  <td class="two"> 209 </td>  <td class="four"> 220 </td>  <td class="six"> 231 </td>  <td class="eight"> 242 </td>  <td class="one"> 253 </td>  <td class="three"> 264 </td>  <td class="five"> 275 </td>  <td class="seven"> 286 </td>  <td class="nine"> 297 </td>  <td class="two"> 308 </td>  <td class="four"> 319 </td>  <td class="six"> 330 </td>  <td class="eight"> 341 </td>  <td class="one"> 352 </td>  <td class="three"> 363 </td>  <td class="five"> 374 </td>  <td class="seven"> 385 </td>  <td class="nine"> 396 </td> 
</tr>
<tr>
 <td class="three">  12 </td>  <td class="six">  24 </td>  <td class="nine">  36 </td>  <td class="three">  48 </td>  <td class="six">  60 </td>  <td class="nine">  72 </td>  <td class="three">  84 </td>  <td class="six">  96 </td>  <td class="nine"> 108 </td>  <td class="three"> 120 </td>  <td class="six"> 132 </td>  <td class="nine"> 144 </td>  <td class="three"> 156 </td>  <td class="six"> 168 </td>  <td class="nine"> 180 </td>  <td class="three"> 192 </td>  <td class="six"> 204 </td>  <td class="nine"> 216 </td>  <td class="three"> 228 </td>  <td class="six"> 240 </td>  <td class="nine"> 252 </td>  <td class="three"> 264 </td>  <td class="six"> 276 </td>  <td class="nine"> 288 </td>  <td class="three"> 300 </td>  <td class="six"> 312 </td>  <td class="nine"> 324 </td>  <td class="three"> 336 </td>  <td class="six"> 348 </td>  <td class="nine"> 360 </td>  <td class="three"> 372 </td>  <td class="six"> 384 </td>  <td class="nine"> 396 </td>  <td class="three"> 408 </td>  <td class="six"> 420 </td>  <td class="nine"> 432 </td> 
</tr>
<tr>
 <td class="four">  13 </td>  <td class="eight">  26 </td>  <td class="three">  39 </td>  <td class="seven">  52 </td>  <td class="two">  65 </td>  <td class="six">  78 </td>  <td class="one">  91 </td>  <td class="five"> 104 </td>  <td class="nine"> 117 </td>  <td class="four"> 130 </td>  <td class="eight"> 143 </td>  <td class="three"> 156 </td>  <td class="seven"> 169 </td>  <td class="two"> 182 </td>  <td class="six"> 195 </td>  <td class="one"> 208 </td>  <td class="five"> 221 </td>  <td class="nine"> 234 </td>  <td class="four"> 247 </td>  <td class="eight"> 260 </td>  <td class="three"> 273 </td>  <td class="seven"> 286 </td>  <td class="two"> 299 </td>  <td class="six"> 312 </td>  <td class="one"> 325 </td>  <td class="five"> 338 </td>  <td class="nine"> 351 </td>  <td class="four"> 364 </td>  <td class="eight"> 377 </td>  <td class="three"> 390 </td>  <td class="seven"> 403 </td>  <td class="two"> 416 </td>  <td class="six"> 429 </td>  <td class="one"> 442 </td>  <td class="five"> 455 </td>  <td class="nine"> 468 </td> 
</tr>
<tr>
 <td class="five">  14 </td>  <td class="one">  28 </td>  <td class="six">  42 </td>  <td class="two">  56 </td>  <td class="seven">  70 </td>  <td class="three">  84 </td>  <td class="eight">  98 </td>  <td class="four"> 112 </td>  <td class="nine"> 126 </td>  <td class="five"> 140 </td>  <td class="one"> 154 </td>  <td class="six"> 168 </td>  <td class="two"> 182 </td>  <td class="seven"> 196 </td>  <td class="three"> 210 </td>  <td class="eight"> 224 </td>  <td class="four"> 238 </td>  <td class="nine"> 252 </td>  <td class="five"> 266 </td>  <td class="one"> 280 </td>  <td class="six"> 294 </td>  <td class="two"> 308 </td>  <td class="seven"> 322 </td>  <td class="three"> 336 </td>  <td class="eight"> 350 </td>  <td class="four"> 364 </td>  <td class="nine"> 378 </td>  <td class="five"> 392 </td>  <td class="one"> 406 </td>  <td class="six"> 420 </td>  <td class="two"> 434 </td>  <td class="seven"> 448 </td>  <td class="three"> 462 </td>  <td class="eight"> 476 </td>  <td class="four"> 490 </td>  <td class="nine"> 504 </td> 
</tr>
<tr>
 <td class="six">  15 </td>  <td class="three">  30 </td>  <td class="nine">  45 </td>  <td class="six">  60 </td>  <td class="three">  75 </td>  <td class="nine">  90 </td>  <td class="six"> 105 </td>  <td class="three"> 120 </td>  <td class="nine"> 135 </td>  <td class="six"> 150 </td>  <td class="three"> 165 </td>  <td class="nine"> 180 </td>  <td class="six"> 195 </td>  <td class="three"> 210 </td>  <td class="nine"> 225 </td>  <td class="six"> 240 </td>  <td class="three"> 255 </td>  <td class="nine"> 270 </td>  <td class="six"> 285 </td>  <td class="three"> 300 </td>  <td class="nine"> 315 </td>  <td class="six"> 330 </td>  <td class="three"> 345 </td>  <td class="nine"> 360 </td>  <td class="six"> 375 </td>  <td class="three"> 390 </td>  <td class="nine"> 405 </td>  <td class="six"> 420 </td>  <td class="three"> 435 </td>  <td class="nine"> 450 </td>  <td class="six"> 465 </td>  <td class="three"> 480 </td>  <td class="nine"> 495 </td>  <td class="six"> 510 </td>  <td class="three"> 525 </td>  <td class="nine"> 540 </td> 
</tr>
<tr>
 <td class="seven">  16 </td>  <td class="five">  32 </td>  <td class="three">  48 </td>  <td class="one">  64 </td>  <td class="eight">  80 </td>  <td class="six">  96 </td>  <td class="four"> 112 </td>  <td class="two"> 128 </td>  <td class="nine"> 144 </td>  <td class="seven"> 160 </td>  <td class="five"> 176 </td>  <td class="three"> 192 </td>  <td class="one"> 208 </td>  <td class="eight"> 224 </td>  <td class="six"> 240 </td>  <td class="four"> 256 </td>  <td class="two"> 272 </td>  <td class="nine"> 288 </td>  <td class="seven"> 304 </td>  <td class="five"> 320 </td>  <td class="three"> 336 </td>  <td class="one"> 352 </td>  <td class="eight"> 368 </td>  <td class="six"> 384 </td>  <td class="four"> 400 </td>  <td class="two"> 416 </td>  <td class="nine"> 432 </td>  <td class="seven"> 448 </td>  <td class="five"> 464 </td>  <td class="three"> 480 </td>  <td class="one"> 496 </td>  <td class="eight"> 512 </td>  <td class="six"> 528 </td>  <td class="four"> 544 </td>  <td class="two"> 560 </td>  <td class="nine"> 576 </td> 
</tr>
<tr>
 <td class="eight">  17 </td>  <td class="seven">  34 </td>  <td class="six">  51 </td>  <td class="five">  68 </td>  <td class="four">  85 </td>  <td class="three"> 102 </td>  <td class="two"> 119 </td>  <td class="one"> 136 </td>  <td class="nine"> 153 </td>  <td class="eight"> 170 </td>  <td class="seven"> 187 </td>  <td class="six"> 204 </td>  <td class="five"> 221 </td>  <td class="four"> 238 </td>  <td class="three"> 255 </td>  <td class="two"> 272 </td>  <td class="one"> 289 </td>  <td class="nine"> 306 </td>  <td class="eight"> 323 </td>  <td class="seven"> 340 </td>  <td class="six"> 357 </td>  <td class="five"> 374 </td>  <td class="four"> 391 </td>  <td class="three"> 408 </td>  <td class="two"> 425 </td>  <td class="one"> 442 </td>  <td class="nine"> 459 </td>  <td class="eight"> 476 </td>  <td class="seven"> 493 </td>  <td class="six"> 510 </td>  <td class="five"> 527 </td>  <td class="four"> 544 </td>  <td class="three"> 561 </td>  <td class="two"> 578 </td>  <td class="one"> 595 </td>  <td class="nine"> 612 </td> 
</tr>
<tr>
 <td class="nine">  18 </td>  <td class="nine">  36 </td>  <td class="nine">  54 </td>  <td class="nine">  72 </td>  <td class="nine">  90 </td>  <td class="nine"> 108 </td>  <td class="nine"> 126 </td>  <td class="nine"> 144 </td>  <td class="nine"> 162 </td>  <td class="nine"> 180 </td>  <td class="nine"> 198 </td>  <td class="nine"> 216 </td>  <td class="nine"> 234 </td>  <td class="nine"> 252 </td>  <td class="nine"> 270 </td>  <td class="nine"> 288 </td>  <td class="nine"> 306 </td>  <td class="nine"> 324 </td>  <td class="nine"> 342 </td>  <td class="nine"> 360 </td>  <td class="nine"> 378 </td>  <td class="nine"> 396 </td>  <td class="nine"> 414 </td>  <td class="nine"> 432 </td>  <td class="nine"> 450 </td>  <td class="nine"> 468 </td>  <td class="nine"> 486 </td>  <td class="nine"> 504 </td>  <td class="nine"> 522 </td>  <td class="nine"> 540 </td>  <td class="nine"> 558 </td>  <td class="nine"> 576 </td>  <td class="nine"> 594 </td>  <td class="nine"> 612 </td>  <td class="nine"> 630 </td>  <td class="nine"> 648 </td> 
</tr>
<tr>
 <td class="one">  19 </td>  <td class="two">  38 </td>  <td class="three">  57 </td>  <td class="four">  76 </td>  <td class="five">  95 </td>  <td class="six"> 114 </td>  <td class="seven"> 133 </td>  <td class="eight"> 152 </td>  <td class="nine"> 171 </td>  <td class="one"> 190 </td>  <td class="two"> 209 </td>  <td class="three"> 228 </td>  <td class="four"> 247 </td>  <td class="five"> 266 </td>  <td class="six"> 285 </td>  <td class="seven"> 304 </td>  <td class="eight"> 323 </td>  <td class="nine"> 342 </td>  <td class="one"> 361 </td>  <td class="two"> 380 </td>  <td class="three"> 399 </td>  <td class="four"> 418 </td>  <td class="five"> 437 </td>  <td class="six"> 456 </td>  <td class="seven"> 475 </td>  <td class="eight"> 494 </td>  <td class="nine"> 513 </td>  <td class="one"> 532 </td>  <td class="two"> 551 </td>  <td class="three"> 570 </td>  <td class="four"> 589 </td>  <td class="five"> 608 </td>  <td class="six"> 627 </td>  <td class="seven"> 646 </td>  <td class="eight"> 665 </td>  <td class="nine"> 684 </td> 
</tr>
<tr>
 <td class="two">  20 </td>  <td class="four">  40 </td>  <td class="six">  60 </td>  <td class="eight">  80 </td>  <td class="one"> 100 </td>  <td class="three"> 120 </td>  <td class="five"> 140 </td>  <td class="seven"> 160 </td>  <td class="nine"> 180 </td>  <td class="two"> 200 </td>  <td class="four"> 220 </td>  <td class="six"> 240 </td>  <td class="eight"> 260 </td>  <td class="one"> 280 </td>  <td class="three"> 300 </td>  <td class="five"> 320 </td>  <td class="seven"> 340 </td>  <td class="nine"> 360 </td>  <td class="two"> 380 </td>  <td class="four"> 400 </td>  <td class="six"> 420 </td>  <td class="eight"> 440 </td>  <td class="one"> 460 </td>  <td class="three"> 480 </td>  <td class="five"> 500 </td>  <td class="seven"> 520 </td>  <td class="nine"> 540 </td>  <td class="two"> 560 </td>  <td class="four"> 580 </td>  <td class="six"> 600 </td>  <td class="eight"> 620 </td>  <td class="one"> 640 </td>  <td class="three"> 660 </td>  <td class="five"> 680 </td>  <td class="seven"> 700 </td>  <td class="nine"> 720 </td> 
</tr>
<tr>
 <td class="three">  21 </td>  <td class="six">  42 </td>  <td class="nine">  63 </td>  <td class="three">  84 </td>  <td class="six"> 105 </td>  <td class="nine"> 126 </td>  <td class="three"> 147 </td>  <td class="six"> 168 </td>  <td class="nine"> 189 </td>  <td class="three"> 210 </td>  <td class="six"> 231 </td>  <td class="nine"> 252 </td>  <td class="three"> 273 </td>  <td class="six"> 294 </td>  <td class="nine"> 315 </td>  <td class="three"> 336 </td>  <td class="six"> 357 </td>  <td class="nine"> 378 </td>  <td class="three"> 399 </td>  <td class="six"> 420 </td>  <td class="nine"> 441 </td>  <td class="three"> 462 </td>  <td class="six"> 483 </td>  <td class="nine"> 504 </td>  <td class="three"> 525 </td>  <td class="six"> 546 </td>  <td class="nine"> 567 </td>  <td class="three"> 588 </td>  <td class="six"> 609 </td>  <td class="nine"> 630 </td>  <td class="three"> 651 </td>  <td class="six"> 672 </td>  <td class="nine"> 693 </td>  <td class="three"> 714 </td>  <td class="six"> 735 </td>  <td class="nine"> 756 </td> 
</tr>
<tr>
 <td class="four">  22 </td>  <td class="eight">  44 </td>  <td class="three">  66 </td>  <td class="seven">  88 </td>  <td class="two"> 110 </td>  <td class="six"> 132 </td>  <td class="one"> 154 </td>  <td class="five"> 176 </td>  <td class="nine"> 198 </td>  <td class="four"> 220 </td>  <td class="eight"> 242 </td>  <td class="three"> 264 </td>  <td class="seven"> 286 </td>  <td class="two"> 308 </td>  <td class="six"> 330 </td>  <td class="one"> 352 </td>  <td class="five"> 374 </td>  <td class="nine"> 396 </td>  <td class="four"> 418 </td>  <td class="eight"> 440 </td>  <td class="three"> 462 </td>  <td class="seven"> 484 </td>  <td class="two"> 506 </td>  <td class="six"> 528 </td>  <td class="one"> 550 </td>  <td class="five"> 572 </td>  <td class="nine"> 594 </td>  <td class="four"> 616 </td>  <td class="eight"> 638 </td>  <td class="three"> 660 </td>  <td class="seven"> 682 </td>  <td class="two"> 704 </td>  <td class="six"> 726 </td>  <td class="one"> 748 </td>  <td class="five"> 770 </td>  <td class="nine"> 792 </td> 
</tr>
<tr>
 <td class="five">  23 </td>  <td class="one">  46 </td>  <td class="six">  69 </td>  <td class="two">  92 </td>  <td class="seven"> 115 </td>  <td class="three"> 138 </td>  <td class="eight"> 161 </td>  <td class="four"> 184 </td>  <td class="nine"> 207 </td>  <td class="five"> 230 </td>  <td class="one"> 253 </td>  <td class="six"> 276 </td>  <td class="two"> 299 </td>  <td class="seven"> 322 </td>  <td class="three"> 345 </td>  <td class="eight"> 368 </td>  <td class="four"> 391 </td>  <td class="nine"> 414 </td>  <td class="five"> 437 </td>  <td class="one"> 460 </td>  <td class="six"> 483 </td>  <td class="two"> 506 </td>  <td class="seven"> 529 </td>  <td class="three"> 552 </td>  <td class="eight"> 575 </td>  <td class="four"> 598 </td>  <td class="nine"> 621 </td>  <td class="five"> 644 </td>  <td class="one"> 667 </td>  <td class="six"> 690 </td>  <td class="two"> 713 </td>  <td class="seven"> 736 </td>  <td class="three"> 759 </td>  <td class="eight"> 782 </td>  <td class="four"> 805 </td>  <td class="nine"> 828 </td> 
</tr>
<tr>
 <td class="six">  24 </td>  <td class="three">  48 </td>  <td class="nine">  72 </td>  <td class="six">  96 </td>  <td class="three"> 120 </td>  <td class="nine"> 144 </td>  <td class="six"> 168 </td>  <td class="three"> 192 </td>  <td class="nine"> 216 </td>  <td class="six"> 240 </td>  <td class="three"> 264 </td>  <td class="nine"> 288 </td>  <td class="six"> 312 </td>  <td class="three"> 336 </td>  <td class="nine"> 360 </td>  <td class="six"> 384 </td>  <td class="three"> 408 </td>  <td class="nine"> 432 </td>  <td class="six"> 456 </td>  <td class="three"> 480 </td>  <td class="nine"> 504 </td>  <td class="six"> 528 </td>  <td class="three"> 552 </td>  <td class="nine"> 576 </td>  <td class="six"> 600 </td>  <td class="three"> 624 </td>  <td class="nine"> 648 </td>  <td class="six"> 672 </td>  <td class="three"> 696 </td>  <td class="nine"> 720 </td>  <td class="six"> 744 </td>  <td class="three"> 768 </td>  <td class="nine"> 792 </td>  <td class="six"> 816 </td>  <td class="three"> 840 </td>  <td class="nine"> 864 </td> 
</tr>
<tr>
 <td class="seven">  25 </td>  <td class="five">  50 </td>  <td class="three">  75 </td>  <td class="one"> 100 </td>  <td class="eight"> 125 </td>  <td class="six"> 150 </td>  <td class="four"> 175 </td>  <td class="two"> 200 </td>  <td class="nine"> 225 </td>  <td class="seven"> 250 </td>  <td class="five"> 275 </td>  <td class="three"> 300 </td>  <td class="one"> 325 </td>  <td class="eight"> 350 </td>  <td class="six"> 375 </td>  <td class="four"> 400 </td>  <td class="two"> 425 </td>  <td class="nine"> 450 </td>  <td class="seven"> 475 </td>  <td class="five"> 500 </td>  <td class="three"> 525 </td>  <td class="one"> 550 </td>  <td class="eight"> 575 </td>  <td class="six"> 600 </td>  <td class="four"> 625 </td>  <td class="two"> 650 </td>  <td class="nine"> 675 </td>  <td class="seven"> 700 </td>  <td class="five"> 725 </td>  <td class="three"> 750 </td>  <td class="one"> 775 </td>  <td class="eight"> 800 </td>  <td class="six"> 825 </td>  <td class="four"> 850 </td>  <td class="two"> 875 </td>  <td class="nine"> 900 </td> 
</tr>
<tr>
 <td class="eight">  26 </td>  <td class="seven">  52 </td>  <td class="six">  78 </td>  <td class="five"> 104 </td>  <td class="four"> 130 </td>  <td class="three"> 156 </td>  <td class="two"> 182 </td>  <td class="one"> 208 </td>  <td class="nine"> 234 </td>  <td class="eight"> 260 </td>  <td class="seven"> 286 </td>  <td class="six"> 312 </td>  <td class="five"> 338 </td>  <td class="four"> 364 </td>  <td class="three"> 390 </td>  <td class="two"> 416 </td>  <td class="one"> 442 </td>  <td class="nine"> 468 </td>  <td class="eight"> 494 </td>  <td class="seven"> 520 </td>  <td class="six"> 546 </td>  <td class="five"> 572 </td>  <td class="four"> 598 </td>  <td class="three"> 624 </td>  <td class="two"> 650 </td>  <td class="one"> 676 </td>  <td class="nine"> 702 </td>  <td class="eight"> 728 </td>  <td class="seven"> 754 </td>  <td class="six"> 780 </td>  <td class="five"> 806 </td>  <td class="four"> 832 </td>  <td class="three"> 858 </td>  <td class="two"> 884 </td>  <td class="one"> 910 </td>  <td class="nine"> 936 </td> 
</tr>
<tr>
 <td class="nine">  27 </td>  <td class="nine">  54 </td>  <td class="nine">  81 </td>  <td class="nine"> 108 </td>  <td class="nine"> 135 </td>  <td class="nine"> 162 </td>  <td class="nine"> 189 </td>  <td class="nine"> 216 </td>  <td class="nine"> 243 </td>  <td class="nine"> 270 </td>  <td class="nine"> 297 </td>  <td class="nine"> 324 </td>  <td class="nine"> 351 </td>  <td class="nine"> 378 </td>  <td class="nine"> 405 </td>  <td class="nine"> 432 </td>  <td class="nine"> 459 </td>  <td class="nine"> 486 </td>  <td class="nine"> 513 </td>  <td class="nine"> 540 </td>  <td class="nine"> 567 </td>  <td class="nine"> 594 </td>  <td class="nine"> 621 </td>  <td class="nine"> 648 </td>  <td class="nine"> 675 </td>  <td class="nine"> 702 </td>  <td class="nine"> 729 </td>  <td class="nine"> 756 </td>  <td class="nine"> 783 </td>  <td class="nine"> 810 </td>  <td class="nine"> 837 </td>  <td class="nine"> 864 </td>  <td class="nine"> 891 </td>  <td class="nine"> 918 </td>  <td class="nine"> 945 </td>  <td class="nine"> 972 </td> 
</tr>
<tr>
 <td class="one">  28 </td>  <td class="two">  56 </td>  <td class="three">  84 </td>  <td class="four"> 112 </td>  <td class="five"> 140 </td>  <td class="six"> 168 </td>  <td class="seven"> 196 </td>  <td class="eight"> 224 </td>  <td class="nine"> 252 </td>  <td class="one"> 280 </td>  <td class="two"> 308 </td>  <td class="three"> 336 </td>  <td class="four"> 364 </td>  <td class="five"> 392 </td>  <td class="six"> 420 </td>  <td class="seven"> 448 </td>  <td class="eight"> 476 </td>  <td class="nine"> 504 </td>  <td class="one"> 532 </td>  <td class="two"> 560 </td>  <td class="three"> 588 </td>  <td class="four"> 616 </td>  <td class="five"> 644 </td>  <td class="six"> 672 </td>  <td class="seven"> 700 </td>  <td class="eight"> 728 </td>  <td class="nine"> 756 </td>  <td class="one"> 784 </td>  <td class="two"> 812 </td>  <td class="three"> 840 </td>  <td class="four"> 868 </td>  <td class="five"> 896 </td>  <td class="six"> 924 </td>  <td class="seven"> 952 </td>  <td class="eight"> 980 </td>  <td class="nine"> 1008 </td> 
</tr>
<tr>
 <td class="two">  29 </td>  <td class="four">  58 </td>  <td class="six">  87 </td>  <td class="eight"> 116 </td>  <td class="one"> 145 </td>  <td class="three"> 174 </td>  <td class="five"> 203 </td>  <td class="seven"> 232 </td>  <td class="nine"> 261 </td>  <td class="two"> 290 </td>  <td class="four"> 319 </td>  <td class="six"> 348 </td>  <td class="eight"> 377 </td>  <td class="one"> 406 </td>  <td class="three"> 435 </td>  <td class="five"> 464 </td>  <td class="seven"> 493 </td>  <td class="nine"> 522 </td>  <td class="two"> 551 </td>  <td class="four"> 580 </td>  <td class="six"> 609 </td>  <td class="eight"> 638 </td>  <td class="one"> 667 </td>  <td class="three"> 696 </td>  <td class="five"> 725 </td>  <td class="seven"> 754 </td>  <td class="nine"> 783 </td>  <td class="two"> 812 </td>  <td class="four"> 841 </td>  <td class="six"> 870 </td>  <td class="eight"> 899 </td>  <td class="one"> 928 </td>  <td class="three"> 957 </td>  <td class="five"> 986 </td>  <td class="seven"> 1015 </td>  <td class="nine"> 1044 </td> 
</tr>
<tr>
 <td class="three">  30 </td>  <td class="six">  60 </td>  <td class="nine">  90 </td>  <td class="three"> 120 </td>  <td class="six"> 150 </td>  <td class="nine"> 180 </td>  <td class="three"> 210 </td>  <td class="six"> 240 </td>  <td class="nine"> 270 </td>  <td class="three"> 300 </td>  <td class="six"> 330 </td>  <td class="nine"> 360 </td>  <td class="three"> 390 </td>  <td class="six"> 420 </td>  <td class="nine"> 450 </td>  <td class="three"> 480 </td>  <td class="six"> 510 </td>  <td class="nine"> 540 </td>  <td class="three"> 570 </td>  <td class="six"> 600 </td>  <td class="nine"> 630 </td>  <td class="three"> 660 </td>  <td class="six"> 690 </td>  <td class="nine"> 720 </td>  <td class="three"> 750 </td>  <td class="six"> 780 </td>  <td class="nine"> 810 </td>  <td class="three"> 840 </td>  <td class="six"> 870 </td>  <td class="nine"> 900 </td>  <td class="three"> 930 </td>  <td class="six"> 960 </td>  <td class="nine"> 990 </td>  <td class="three"> 1020 </td>  <td class="six"> 1050 </td>  <td class="nine"> 1080 </td> 
</tr>
<tr>
 <td class="four">  31 </td>  <td class="eight">  62 </td>  <td class="three">  93 </td>  <td class="seven"> 124 </td>  <td class="two"> 155 </td>  <td class="six"> 186 </td>  <td class="one"> 217 </td>  <td class="five"> 248 </td>  <td class="nine"> 279 </td>  <td class="four"> 310 </td>  <td class="eight"> 341 </td>  <td class="three"> 372 </td>  <td class="seven"> 403 </td>  <td class="two"> 434 </td>  <td class="six"> 465 </td>  <td class="one"> 496 </td>  <td class="five"> 527 </td>  <td class="nine"> 558 </td>  <td class="four"> 589 </td>  <td class="eight"> 620 </td>  <td class="three"> 651 </td>  <td class="seven"> 682 </td>  <td class="two"> 713 </td>  <td class="six"> 744 </td>  <td class="one"> 775 </td>  <td class="five"> 806 </td>  <td class="nine"> 837 </td>  <td class="four"> 868 </td>  <td class="eight"> 899 </td>  <td class="three"> 930 </td>  <td class="seven"> 961 </td>  <td class="two"> 992 </td>  <td class="six"> 1023 </td>  <td class="one"> 1054 </td>  <td class="five"> 1085 </td>  <td class="nine"> 1116 </td> 
</tr>
<tr>
 <td class="five">  32 </td>  <td class="one">  64 </td>  <td class="six">  96 </td>  <td class="two"> 128 </td>  <td class="seven"> 160 </td>  <td class="three"> 192 </td>  <td class="eight"> 224 </td>  <td class="four"> 256 </td>  <td class="nine"> 288 </td>  <td class="five"> 320 </td>  <td class="one"> 352 </td>  <td class="six"> 384 </td>  <td class="two"> 416 </td>  <td class="seven"> 448 </td>  <td class="three"> 480 </td>  <td class="eight"> 512 </td>  <td class="four"> 544 </td>  <td class="nine"> 576 </td>  <td class="five"> 608 </td>  <td class="one"> 640 </td>  <td class="six"> 672 </td>  <td class="two"> 704 </td>  <td class="seven"> 736 </td>  <td class="three"> 768 </td>  <td class="eight"> 800 </td>  <td class="four"> 832 </td>  <td class="nine"> 864 </td>  <td class="five"> 896 </td>  <td class="one"> 928 </td>  <td class="six"> 960 </td>  <td class="two"> 992 </td>  <td class="seven"> 1024 </td>  <td class="three"> 1056 </td>  <td class="eight"> 1088 </td>  <td class="four"> 1120 </td>  <td class="nine"> 1152 </td> 
</tr>
<tr>
 <td class="six">  33 </td>  <td class="three">  66 </td>  <td class="nine">  99 </td>  <td class="six"> 132 </td>  <td class="three"> 165 </td>  <td class="nine"> 198 </td>  <td class="six"> 231 </td>  <td class="three"> 264 </td>  <td class="nine"> 297 </td>  <td class="six"> 330 </td>  <td class="three"> 363 </td>  <td class="nine"> 396 </td>  <td class="six"> 429 </td>  <td class="three"> 462 </td>  <td class="nine"> 495 </td>  <td class="six"> 528 </td>  <td class="three"> 561 </td>  <td class="nine"> 594 </td>  <td class="six"> 627 </td>  <td class="three"> 660 </td>  <td class="nine"> 693 </td>  <td class="six"> 726 </td>  <td class="three"> 759 </td>  <td class="nine"> 792 </td>  <td class="six"> 825 </td>  <td class="three"> 858 </td>  <td class="nine"> 891 </td>  <td class="six"> 924 </td>  <td class="three"> 957 </td>  <td class="nine"> 990 </td>  <td class="six"> 1023 </td>  <td class="three"> 1056 </td>  <td class="nine"> 1089 </td>  <td class="six"> 1122 </td>  <td class="three"> 1155 </td>  <td class="nine"> 1188 </td> 
</tr>
<tr>
 <td class="seven">  34 </td>  <td class="five">  68 </td>  <td class="three"> 102 </td>  <td class="one"> 136 </td>  <td class="eight"> 170 </td>  <td class="six"> 204 </td>  <td class="four"> 238 </td>  <td class="two"> 272 </td>  <td class="nine"> 306 </td>  <td class="seven"> 340 </td>  <td class="five"> 374 </td>  <td class="three"> 408 </td>  <td class="one"> 442 </td>  <td class="eight"> 476 </td>  <td class="six"> 510 </td>  <td class="four"> 544 </td>  <td class="two"> 578 </td>  <td class="nine"> 612 </td>  <td class="seven"> 646 </td>  <td class="five"> 680 </td>  <td class="three"> 714 </td>  <td class="one"> 748 </td>  <td class="eight"> 782 </td>  <td class="six"> 816 </td>  <td class="four"> 850 </td>  <td class="two"> 884 </td>  <td class="nine"> 918 </td>  <td class="seven"> 952 </td>  <td class="five"> 986 </td>  <td class="three"> 1020 </td>  <td class="one"> 1054 </td>  <td class="eight"> 1088 </td>  <td class="six"> 1122 </td>  <td class="four"> 1156 </td>  <td class="two"> 1190 </td>  <td class="nine"> 1224 </td> 
</tr>
<tr>
 <td class="eight">  35 </td>  <td class="seven">  70 </td>  <td class="six"> 105 </td>  <td class="five"> 140 </td>  <td class="four"> 175 </td>  <td class="three"> 210 </td>  <td class="two"> 245 </td>  <td class="one"> 280 </td>  <td class="nine"> 315 </td>  <td class="eight"> 350 </td>  <td class="seven"> 385 </td>  <td class="six"> 420 </td>  <td class="five"> 455 </td>  <td class="four"> 490 </td>  <td class="three"> 525 </td>  <td class="two"> 560 </td>  <td class="one"> 595 </td>  <td class="nine"> 630 </td>  <td class="eight"> 665 </td>  <td class="seven"> 700 </td>  <td class="six"> 735 </td>  <td class="five"> 770 </td>  <td class="four"> 805 </td>  <td class="three"> 840 </td>  <td class="two"> 875 </td>  <td class="one"> 910 </td>  <td class="nine"> 945 </td>  <td class="eight"> 980 </td>  <td class="seven"> 1015 </td>  <td class="six"> 1050 </td>  <td class="five"> 1085 </td>  <td class="four"> 1120 </td>  <td class="three"> 1155 </td>  <td class="two"> 1190 </td>  <td class="one"> 1225 </td>  <td class="nine"> 1260 </td> 
</tr>
<tr>
 <td class="nine">  36 </td>  <td class="nine">  72 </td>  <td class="nine"> 108 </td>  <td class="nine"> 144 </td>  <td class="nine"> 180 </td>  <td class="nine"> 216 </td>  <td class="nine"> 252 </td>  <td class="nine"> 288 </td>  <td class="nine"> 324 </td>  <td class="nine"> 360 </td>  <td class="nine"> 396 </td>  <td class="nine"> 432 </td>  <td class="nine"> 468 </td>  <td class="nine"> 504 </td>  <td class="nine"> 540 </td>  <td class="nine"> 576 </td>  <td class="nine"> 612 </td>  <td class="nine"> 648 </td>  <td class="nine"> 684 </td>  <td class="nine"> 720 </td>  <td class="nine"> 756 </td>  <td class="nine"> 792 </td>  <td class="nine"> 828 </td>  <td class="nine"> 864 </td>  <td class="nine"> 900 </td>  <td class="nine"> 936 </td>  <td class="nine"> 972 </td>  <td class="nine"> 1008 </td>  <td class="nine"> 1044 </td>  <td class="nine"> 1080 </td>  <td class="nine"> 1116 </td>  <td class="nine"> 1152 </td>  <td class="nine"> 1188 </td>  <td class="nine"> 1224 </td>  <td class="nine"> 1260 </td>  <td class="nine"> 1296 </td> 
</tr>
</table>
 </body>
</html>
